2020/04/17-13:44:24.792579 7f952f51ff00 RocksDB version: 6.4.0
2020/04/17-13:44:24.792716 7f952f51ff00 Git sha rocksdb_build_git_sha:@1f9d7c0f543a15872ebc2da024e2b542c7507ff2@
2020/04/17-13:44:24.792722 7f952f51ff00 Compile date Oct 18 2019
2020/04/17-13:44:24.792730 7f952f51ff00 DB SUMMARY
2020/04/17-13:44:24.792890 7f952f51ff00 CURRENT file:  CURRENT
2020/04/17-13:44:24.792898 7f952f51ff00 IDENTITY file:  IDENTITY
2020/04/17-13:44:24.792910 7f952f51ff00 MANIFEST file:  MANIFEST-000021 size: 149 Bytes
2020/04/17-13:44:24.792921 7f952f51ff00 SST files in localhost 58 2233
 dir, Total Num: 2, files: 000018.sst 000020.sst 
2020/04/17-13:44:24.792927 7f952f51ff00 Write Ahead Log file in localhost 58 2233
: 000022.log size: 951760 ; 
2020/04/17-13:44:24.792935 7f952f51ff00                         Options.error_if_exists: 0
2020/04/17-13:44:24.792939 7f952f51ff00                       Options.create_if_missing: 1
2020/04/17-13:44:24.792942 7f952f51ff00                         Options.paranoid_checks: 1
2020/04/17-13:44:24.792945 7f952f51ff00                                     Options.env: 0x7f9530ecda20
2020/04/17-13:44:24.792948 7f952f51ff00                                Options.info_log: 0x1984750
2020/04/17-13:44:24.792950 7f952f51ff00                Options.max_file_opening_threads: 16
2020/04/17-13:44:24.792954 7f952f51ff00                              Options.statistics: (nil)
2020/04/17-13:44:24.792957 7f952f51ff00                               Options.use_fsync: 0
2020/04/17-13:44:24.792960 7f952f51ff00                       Options.max_log_file_size: 0
2020/04/17-13:44:24.792962 7f952f51ff00                  Options.max_manifest_file_size: 1073741824
2020/04/17-13:44:24.792965 7f952f51ff00                   Options.log_file_time_to_roll: 0
2020/04/17-13:44:24.792967 7f952f51ff00                       Options.keep_log_file_num: 1000
2020/04/17-13:44:24.792971 7f952f51ff00                    Options.recycle_log_file_num: 0
2020/04/17-13:44:24.792973 7f952f51ff00                         Options.allow_fallocate: 1
2020/04/17-13:44:24.792976 7f952f51ff00                        Options.allow_mmap_reads: 0
2020/04/17-13:44:24.792978 7f952f51ff00                       Options.allow_mmap_writes: 0
2020/04/17-13:44:24.792981 7f952f51ff00                        Options.use_direct_reads: 0
2020/04/17-13:44:24.792983 7f952f51ff00                        Options.use_direct_io_for_flush_and_compaction: 0
2020/04/17-13:44:24.792985 7f952f51ff00          Options.create_missing_column_families: 0
2020/04/17-13:44:24.792988 7f952f51ff00                              Options.db_log_dir: 
2020/04/17-13:44:24.792990 7f952f51ff00                                 Options.wal_dir: localhost 58 2233
2020/04/17-13:44:24.792993 7f952f51ff00                Options.table_cache_numshardbits: 6
2020/04/17-13:44:24.792996 7f952f51ff00                      Options.max_subcompactions: 1
2020/04/17-13:44:24.792999 7f952f51ff00                  Options.max_background_flushes: -1
2020/04/17-13:44:24.793002 7f952f51ff00                         Options.WAL_ttl_seconds: 0
2020/04/17-13:44:24.793005 7f952f51ff00                       Options.WAL_size_limit_MB: 0
2020/04/17-13:44:24.793008 7f952f51ff00                        Options.max_write_batch_group_size_bytes: 1048576
2020/04/17-13:44:24.793012 7f952f51ff00             Options.manifest_preallocation_size: 4194304
2020/04/17-13:44:24.793015 7f952f51ff00                     Options.is_fd_close_on_exec: 1
2020/04/17-13:44:24.793018 7f952f51ff00                   Options.advise_random_on_open: 1
2020/04/17-13:44:24.793021 7f952f51ff00                    Options.db_write_buffer_size: 0
2020/04/17-13:44:24.793024 7f952f51ff00                    Options.write_buffer_manager: 0x197a4d0
2020/04/17-13:44:24.793027 7f952f51ff00         Options.access_hint_on_compaction_start: 1
2020/04/17-13:44:24.793030 7f952f51ff00  Options.new_table_reader_for_compaction_inputs: 0
2020/04/17-13:44:24.793033 7f952f51ff00           Options.random_access_max_buffer_size: 1048576
2020/04/17-13:44:24.793036 7f952f51ff00                      Options.use_adaptive_mutex: 0
2020/04/17-13:44:24.793039 7f952f51ff00                            Options.rate_limiter: (nil)
2020/04/17-13:44:24.793071 7f952f51ff00     Options.sst_file_manager.rate_bytes_per_sec: 0
2020/04/17-13:44:24.793075 7f952f51ff00                       Options.wal_recovery_mode: 2
2020/04/17-13:44:24.793078 7f952f51ff00                  Options.enable_thread_tracking: 0
2020/04/17-13:44:24.793081 7f952f51ff00                  Options.enable_pipelined_write: 0
2020/04/17-13:44:24.793084 7f952f51ff00                  Options.unordered_write: 0
2020/04/17-13:44:24.793087 7f952f51ff00         Options.allow_concurrent_memtable_write: 1
2020/04/17-13:44:24.793090 7f952f51ff00      Options.enable_write_thread_adaptive_yield: 1
2020/04/17-13:44:24.793093 7f952f51ff00             Options.write_thread_max_yield_usec: 100
2020/04/17-13:44:24.793097 7f952f51ff00            Options.write_thread_slow_yield_usec: 3
2020/04/17-13:44:24.793100 7f952f51ff00                               Options.row_cache: None
2020/04/17-13:44:24.793103 7f952f51ff00                              Options.wal_filter: None
2020/04/17-13:44:24.793106 7f952f51ff00             Options.avoid_flush_during_recovery: 0
2020/04/17-13:44:24.793109 7f952f51ff00             Options.allow_ingest_behind: 0
2020/04/17-13:44:24.793112 7f952f51ff00             Options.preserve_deletes: 0
2020/04/17-13:44:24.793115 7f952f51ff00             Options.two_write_queues: 0
2020/04/17-13:44:24.793118 7f952f51ff00             Options.manual_wal_flush: 0
2020/04/17-13:44:24.793121 7f952f51ff00             Options.atomic_flush: 0
2020/04/17-13:44:24.793124 7f952f51ff00             Options.avoid_unnecessary_blocking_io: 0
2020/04/17-13:44:24.793127 7f952f51ff00                 Options.persist_stats_to_disk: 0
2020/04/17-13:44:24.793130 7f952f51ff00                 Options.write_dbid_to_manifest: 0
2020/04/17-13:44:24.793133 7f952f51ff00                 Options.log_readahead_size: 0
2020/04/17-13:44:24.793138 7f952f51ff00             Options.max_background_jobs: 2
2020/04/17-13:44:24.793141 7f952f51ff00             Options.max_background_compactions: -1
2020/04/17-13:44:24.793144 7f952f51ff00             Options.avoid_flush_during_shutdown: 0
2020/04/17-13:44:24.793147 7f952f51ff00           Options.writable_file_max_buffer_size: 1048576
2020/04/17-13:44:24.793150 7f952f51ff00             Options.delayed_write_rate : 16777216
2020/04/17-13:44:24.793153 7f952f51ff00             Options.max_total_wal_size: 0
2020/04/17-13:44:24.793156 7f952f51ff00             Options.delete_obsolete_files_period_micros: 21600000000
2020/04/17-13:44:24.793159 7f952f51ff00                   Options.stats_dump_period_sec: 600
2020/04/17-13:44:24.793163 7f952f51ff00                 Options.stats_persist_period_sec: 600
2020/04/17-13:44:24.793166 7f952f51ff00                 Options.stats_history_buffer_size: 1048576
2020/04/17-13:44:24.793169 7f952f51ff00                          Options.max_open_files: -1
2020/04/17-13:44:24.793172 7f952f51ff00                          Options.bytes_per_sync: 0
2020/04/17-13:44:24.793175 7f952f51ff00                      Options.wal_bytes_per_sync: 0
2020/04/17-13:44:24.793179 7f952f51ff00                   Options.strict_bytes_per_sync: 0
2020/04/17-13:44:24.793182 7f952f51ff00       Options.compaction_readahead_size: 0
2020/04/17-13:44:24.793185 7f952f51ff00 Compression algorithms supported:
2020/04/17-13:44:24.793204 7f952f51ff00 	kZSTDNotFinalCompression supported: 0
2020/04/17-13:44:24.793212 7f952f51ff00 	kZSTD supported: 0
2020/04/17-13:44:24.793217 7f952f51ff00 	kXpressCompression supported: 0
2020/04/17-13:44:24.793222 7f952f51ff00 	kLZ4HCCompression supported: 0
2020/04/17-13:44:24.793226 7f952f51ff00 	kLZ4Compression supported: 0
2020/04/17-13:44:24.793231 7f952f51ff00 	kBZip2Compression supported: 0
2020/04/17-13:44:24.793236 7f952f51ff00 	kZlibCompression supported: 0
2020/04/17-13:44:24.793239 7f952f51ff00 	kSnappyCompression supported: 0
2020/04/17-13:44:24.793252 7f952f51ff00 Fast CRC32 supported: Supported on x86
2020/04/17-13:44:24.793981 7f952f51ff00 [version_set.cc:4324] Recovering from manifest file: localhost 58 2233
/MANIFEST-000021
2020/04/17-13:44:24.794683 7f952f51ff00 [column_family.cc:487] --------------- Options for column family [default]:
2020/04/17-13:44:24.794694 7f952f51ff00               Options.comparator: leveldb.BytewiseComparator
2020/04/17-13:44:24.794698 7f952f51ff00           Options.merge_operator: None
2020/04/17-13:44:24.794700 7f952f51ff00        Options.compaction_filter: None
2020/04/17-13:44:24.794704 7f952f51ff00        Options.compaction_filter_factory: None
2020/04/17-13:44:24.794707 7f952f51ff00         Options.memtable_factory: SkipListFactory
2020/04/17-13:44:24.794710 7f952f51ff00            Options.table_factory: BlockBasedTable
2020/04/17-13:44:24.794797 7f952f51ff00            table_factory options:   flush_block_policy_factory: FlushBlockBySizePolicyFactory (0x1989a20)
  cache_index_and_filter_blocks: 0
  cache_index_and_filter_blocks_with_high_priority: 1
  pin_l0_filter_and_index_blocks_in_cache: 0
  pin_top_level_index_and_filter: 1
  index_type: 0
  data_block_index_type: 0
  index_shortening: 1
  data_block_hash_table_util_ratio: 0.750000
  hash_index_allow_collision: 1
  checksum: 1
  no_block_cache: 0
  block_cache: 0x19739d0
  block_cache_name: LRUCache
  block_cache_options:
    capacity : 3221225472
    num_shard_bits : 6
    strict_capacity_limit : 0
    memory_allocator : None
    high_pri_pool_ratio: 0.500
  block_cache_compressed: (nil)
  persistent_cache: (nil)
  block_size: 4096
  block_size_deviation: 10
  block_restart_interval: 16
  index_block_restart_interval: 1
  metadata_block_size: 4096
  partition_filters: 0
  use_delta_encoding: 1
  filter_policy: nullptr
  whole_key_filtering: 1
  verify_compression: 0
  read_amp_bytes_per_bit: 0
  format_version: 2
  enable_index_compression: 1
  block_align: 0
2020/04/17-13:44:24.794818 7f952f51ff00        Options.write_buffer_size: 67108864
2020/04/17-13:44:24.794821 7f952f51ff00  Options.max_write_buffer_number: 2
2020/04/17-13:44:24.794827 7f952f51ff00          Options.compression: NoCompression
2020/04/17-13:44:24.794830 7f952f51ff00                  Options.bottommost_compression: Disabled
2020/04/17-13:44:24.794834 7f952f51ff00       Options.prefix_extractor: nullptr
2020/04/17-13:44:24.794836 7f952f51ff00   Options.memtable_insert_with_hint_prefix_extractor: nullptr
2020/04/17-13:44:24.794838 7f952f51ff00             Options.num_levels: 7
2020/04/17-13:44:24.794841 7f952f51ff00        Options.min_write_buffer_number_to_merge: 1
2020/04/17-13:44:24.794844 7f952f51ff00     Options.max_write_buffer_number_to_maintain: 0
2020/04/17-13:44:24.794846 7f952f51ff00     Options.max_write_buffer_size_to_maintain: 0
2020/04/17-13:44:24.794849 7f952f51ff00            Options.bottommost_compression_opts.window_bits: -14
2020/04/17-13:44:24.794852 7f952f51ff00                  Options.bottommost_compression_opts.level: 32767
2020/04/17-13:44:24.794854 7f952f51ff00               Options.bottommost_compression_opts.strategy: 0
2020/04/17-13:44:24.794857 7f952f51ff00         Options.bottommost_compression_opts.max_dict_bytes: 0
2020/04/17-13:44:24.794860 7f952f51ff00         Options.bottommost_compression_opts.zstd_max_train_bytes: 0
2020/04/17-13:44:24.794862 7f952f51ff00                  Options.bottommost_compression_opts.enabled: false
2020/04/17-13:44:24.794866 7f952f51ff00            Options.compression_opts.window_bits: -14
2020/04/17-13:44:24.794868 7f952f51ff00                  Options.compression_opts.level: 32767
2020/04/17-13:44:24.794872 7f952f51ff00               Options.compression_opts.strategy: 0
2020/04/17-13:44:24.794875 7f952f51ff00         Options.compression_opts.max_dict_bytes: 0
2020/04/17-13:44:24.794878 7f952f51ff00         Options.compression_opts.zstd_max_train_bytes: 0
2020/04/17-13:44:24.794882 7f952f51ff00                  Options.compression_opts.enabled: false
2020/04/17-13:44:24.794885 7f952f51ff00      Options.level0_file_num_compaction_trigger: 4
2020/04/17-13:44:24.794888 7f952f51ff00          Options.level0_slowdown_writes_trigger: 20
2020/04/17-13:44:24.794891 7f952f51ff00              Options.level0_stop_writes_trigger: 36
2020/04/17-13:44:24.794917 7f952f51ff00                   Options.target_file_size_base: 67108864
2020/04/17-13:44:24.794921 7f952f51ff00             Options.target_file_size_multiplier: 1
2020/04/17-13:44:24.794923 7f952f51ff00                Options.max_bytes_for_level_base: 268435456
2020/04/17-13:44:24.794927 7f952f51ff00 Options.level_compaction_dynamic_level_bytes: 0
2020/04/17-13:44:24.794930 7f952f51ff00          Options.max_bytes_for_level_multiplier: 10.000000
2020/04/17-13:44:24.794939 7f952f51ff00 Options.max_bytes_for_level_multiplier_addtl[0]: 1
2020/04/17-13:44:24.794942 7f952f51ff00 Options.max_bytes_for_level_multiplier_addtl[1]: 1
2020/04/17-13:44:24.794945 7f952f51ff00 Options.max_bytes_for_level_multiplier_addtl[2]: 1
2020/04/17-13:44:24.794948 7f952f51ff00 Options.max_bytes_for_level_multiplier_addtl[3]: 1
2020/04/17-13:44:24.794950 7f952f51ff00 Options.max_bytes_for_level_multiplier_addtl[4]: 1
2020/04/17-13:44:24.794952 7f952f51ff00 Options.max_bytes_for_level_multiplier_addtl[5]: 1
2020/04/17-13:44:24.794954 7f952f51ff00 Options.max_bytes_for_level_multiplier_addtl[6]: 1
2020/04/17-13:44:24.794955 7f952f51ff00       Options.max_sequential_skip_in_iterations: 8
2020/04/17-13:44:24.794957 7f952f51ff00                    Options.max_compaction_bytes: 1677721600
2020/04/17-13:44:24.794959 7f952f51ff00                        Options.arena_block_size: 8388608
2020/04/17-13:44:24.794961 7f952f51ff00   Options.soft_pending_compaction_bytes_limit: 68719476736
2020/04/17-13:44:24.794963 7f952f51ff00   Options.hard_pending_compaction_bytes_limit: 274877906944
2020/04/17-13:44:24.794965 7f952f51ff00       Options.rate_limit_delay_max_milliseconds: 100
2020/04/17-13:44:24.794966 7f952f51ff00                Options.disable_auto_compactions: 0
2020/04/17-13:44:24.794984 7f952f51ff00                        Options.compaction_style: kCompactionStyleLevel
2020/04/17-13:44:24.795001 7f952f51ff00                          Options.compaction_pri: kMinOverlappingRatio
2020/04/17-13:44:24.795003 7f952f51ff00 Options.compaction_options_universal.size_ratio: 1
2020/04/17-13:44:24.795005 7f952f51ff00 Options.compaction_options_universal.min_merge_width: 2
2020/04/17-13:44:24.795007 7f952f51ff00 Options.compaction_options_universal.max_merge_width: 4294967295
2020/04/17-13:44:24.795009 7f952f51ff00 Options.compaction_options_universal.max_size_amplification_percent: 200
2020/04/17-13:44:24.795011 7f952f51ff00 Options.compaction_options_universal.compression_size_percent: -1
2020/04/17-13:44:24.795029 7f952f51ff00 Options.compaction_options_universal.stop_style: kCompactionStopStyleTotalSize
2020/04/17-13:44:24.795030 7f952f51ff00 Options.compaction_options_fifo.max_table_files_size: 1073741824
2020/04/17-13:44:24.795032 7f952f51ff00 Options.compaction_options_fifo.allow_compaction: 0
2020/04/17-13:44:24.795035 7f952f51ff00                   Options.table_properties_collectors: 
2020/04/17-13:44:24.795037 7f952f51ff00                   Options.inplace_update_support: 0
2020/04/17-13:44:24.795038 7f952f51ff00                 Options.inplace_update_num_locks: 10000
2020/04/17-13:44:24.795040 7f952f51ff00               Options.memtable_prefix_bloom_size_ratio: 0.000000
2020/04/17-13:44:24.795043 7f952f51ff00               Options.memtable_whole_key_filtering: 0
2020/04/17-13:44:24.795044 7f952f51ff00   Options.memtable_huge_page_size: 0
2020/04/17-13:44:24.795046 7f952f51ff00                           Options.bloom_locality: 0
2020/04/17-13:44:24.795048 7f952f51ff00                    Options.max_successive_merges: 0
2020/04/17-13:44:24.795050 7f952f51ff00                Options.optimize_filters_for_hits: 0
2020/04/17-13:44:24.795051 7f952f51ff00                Options.paranoid_file_checks: 0
2020/04/17-13:44:24.795053 7f952f51ff00                Options.force_consistency_checks: 0
2020/04/17-13:44:24.795055 7f952f51ff00                Options.report_bg_io_stats: 0
2020/04/17-13:44:24.795057 7f952f51ff00                               Options.ttl: 0
2020/04/17-13:44:24.795058 7f952f51ff00          Options.periodic_compaction_seconds: 0
2020/04/17-13:44:24.799185 7f952f51ff00 [version_set.cc:4465] Recovered from manifest file:localhost 58 2233
/MANIFEST-000021 succeeded,manifest_file_number is 21, next_file_number is 23, last_sequence is 122444, log_number is 16,prev_log_number is 0,max_column_family is 0,min_log_number_to_keep is 0
2020/04/17-13:44:24.799207 7f952f51ff00 [version_set.cc:4481] Column family [default] (ID 0), log number is 16
2020/04/17-13:44:24.800065 7f952f51ff00 EVENT_LOG_v1 {"time_micros": 1587102264800022, "job": 1, "event": "recovery_started", "log_files": [22]}
2020/04/17-13:44:24.800087 7f952f51ff00 [db_impl/db_impl_open.cc:733] Recovering log #22 mode 2
2020/04/17-13:44:25.056453 7f952f51ff00 [DEBUG] [db_impl/db_impl_open.cc:1150] [default] [WriteLevel0TableForRecovery] Level-0 table #23: started
2020/04/17-13:44:25.109364 7f952f51ff00 EVENT_LOG_v1 {"time_micros": 1587102265109339, "cf_name": "default", "job": 1, "event": "table_file_creation", "file_number": 23, "file_size": 603911, "table_properties": {"data_size": 599781, "index_size": 3390, "index_partitions": 0, "top_level_index_size": 0, "index_key_is_user_key": 0, "index_value_is_delta_encoded": 0, "filter_size": 0, "raw_key_size": 447808, "raw_average_key_size": 16, "raw_value_size": 111952, "raw_average_value_size": 4, "num_data_blocks": 147, "num_entries": 27988, "num_deletions": 0, "num_merge_operands": 0, "num_range_deletions": 0, "format_version": 0, "fixed_key_len": 0, "filter_policy": "", "column_family_name": "default", "column_family_id": 0, "comparator": "leveldb.BytewiseComparator", "merge_operator": "nullptr", "prefix_extractor_name": "nullptr", "property_collectors": "[]", "compression": "NoCompression", "compression_options": "window_bits=-14; level=32767; strategy=0; max_dict_bytes=0; zstd_max_train_bytes=0; enabled=0; ", "creation_time": 1587102265, "oldest_key_time": 3, "file_creation_time": 0}}
2020/04/17-13:44:25.109419 7f952f51ff00 [DEBUG] [db_impl/db_impl_open.cc:1196] [default] [WriteLevel0TableForRecovery] Level-0 table #23: 603911 bytes OK
2020/04/17-13:44:25.109880 7f952f51ff00 [version_set.cc:3739] Creating manifest 24
2020/04/17-13:44:25.112514 7f952f51ff00 EVENT_LOG_v1 {"time_micros": 1587102265112509, "job": 1, "event": "recovery_finished"}
2020/04/17-13:44:25.113295 7f952f51ff00 [DEBUG] [db_impl/db_impl_files.cc:270] [JOB 2] Delete localhost 58 2233
/MANIFEST-000021 type=3 #21 -- OK
2020/04/17-13:44:25.113472 7f952f51ff00 [DEBUG] [db_impl/db_impl_files.cc:270] [JOB 2] Delete localhost 58 2233
/000022.log type=0 #22 -- OK
2020/04/17-13:44:25.117651 7f952f51ff00 DB pointer 0x199c210
2020/04/17-13:44:25.118293 7f94fcff9700 [db_impl/db_impl.cc:857] ------- DUMPING STATS -------
2020/04/17-13:44:25.118327 7f94fcff9700 [db_impl/db_impl.cc:859] 
** DB Stats **
Uptime(secs): 0.3 total, 0.3 interval
Cumulative writes: 0 writes, 0 keys, 0 commit groups, 0.0 writes per commit group, ingest: 0.00 GB, 0.00 MB/s
Cumulative WAL: 0 writes, 0 syncs, 0.00 writes per sync, written: 0.00 GB, 0.00 MB/s
Cumulative stall: 00:00:0.000 H:M:S, 0.0 percent
Interval writes: 0 writes, 0 keys, 0 commit groups, 0.0 writes per commit group, ingest: 0.00 MB, 0.00 MB/s
Interval WAL: 0 writes, 0 syncs, 0.00 writes per sync, written: 0.00 MB, 0.00 MB/s
Interval stall: 00:00:0.000 H:M:S, 0.0 percent

** Compaction Stats [default] **
Level    Files   Size     Score Read(GB)  Rn(GB) Rnp1(GB) Write(GB) Wnew(GB) Moved(GB) W-Amp Rd(MB/s) Wr(MB/s) Comp(sec) CompMergeCPU(sec) Comp(cnt) Avg(sec) KeyIn KeyDrop
----------------------------------------------------------------------------------------------------------------------------------------------------------------------------
  L0      2/0    1.22 MB   0.5      0.0     0.0      0.0       0.0      0.0       0.0   1.0      0.0     10.8      0.05              0.00         1    0.053       0      0
  L1      1/0   655.68 KB   0.0      0.0     0.0      0.0       0.0      0.0       0.0   0.0      0.0      0.0      0.00              0.00         0    0.000       0      0
 Sum      3/0    1.86 MB   0.0      0.0     0.0      0.0       0.0      0.0       0.0   1.0      0.0     10.8      0.05              0.00         1    0.053       0      0
 Int      0/0    0.00 KB   0.0      0.0     0.0      0.0       0.0      0.0       0.0   1.0      0.0     10.8      0.05              0.00         1    0.053       0      0

** Compaction Stats [default] **
Priority    Files   Size     Score Read(GB)  Rn(GB) Rnp1(GB) Write(GB) Wnew(GB) Moved(GB) W-Amp Rd(MB/s) Wr(MB/s) Comp(sec) CompMergeCPU(sec) Comp(cnt) Avg(sec) KeyIn KeyDrop
-------------------------------------------------------------------------------------------------------------------------------------------------------------------------------
User      0/0    0.00 KB   0.0      0.0     0.0      0.0       0.0      0.0       0.0   0.0      0.0     10.8      0.05              0.00         1    0.053       0      0
Uptime(secs): 0.3 total, 0.3 interval
Flush(GB): cumulative 0.001, interval 0.001
AddFile(GB): cumulative 0.000, interval 0.000
AddFile(Total Files): cumulative 0, interval 0
AddFile(L0 Files): cumulative 0, interval 0
AddFile(Keys): cumulative 0, interval 0
Cumulative compaction: 0.00 GB write, 1.78 MB/s write, 0.00 GB read, 0.00 MB/s read, 0.1 seconds
Interval compaction: 0.00 GB write, 1.78 MB/s write, 0.00 GB read, 0.00 MB/s read, 0.1 seconds
Stalls(count): 0 level0_slowdown, 0 level0_slowdown_with_compaction, 0 level0_numfiles, 0 level0_numfiles_with_compaction, 0 stop for pending_compaction_bytes, 0 slowdown for pending_compaction_bytes, 0 memtable_compaction, 0 memtable_slowdown, interval 0 total count

** File Read Latency Histogram By Level [default] **

** Compaction Stats [default] **
Level    Files   Size     Score Read(GB)  Rn(GB) Rnp1(GB) Write(GB) Wnew(GB) Moved(GB) W-Amp Rd(MB/s) Wr(MB/s) Comp(sec) CompMergeCPU(sec) Comp(cnt) Avg(sec) KeyIn KeyDrop
----------------------------------------------------------------------------------------------------------------------------------------------------------------------------
  L0      2/0    1.22 MB   0.5      0.0     0.0      0.0       0.0      0.0       0.0   1.0      0.0     10.8      0.05              0.00         1    0.053       0      0
  L1      1/0   655.68 KB   0.0      0.0     0.0      0.0       0.0      0.0       0.0   0.0      0.0      0.0      0.00              0.00         0    0.000       0      0
 Sum      3/0    1.86 MB   0.0      0.0     0.0      0.0       0.0      0.0       0.0   1.0      0.0     10.8      0.05              0.00         1    0.053       0      0
 Int      0/0    0.00 KB   0.0      0.0     0.0      0.0       0.0      0.0       0.0   0.0      0.0      