2020/04/17-13:44:20.523373 7f02703f2f00 RocksDB version: 6.4.0
2020/04/17-13:44:20.523471 7f02703f2f00 Git sha rocksdb_build_git_sha:@1f9d7c0f543a15872ebc2da024e2b542c7507ff2@
2020/04/17-13:44:20.523475 7f02703f2f00 Compile date Oct 18 2019
2020/04/17-13:44:20.523480 7f02703f2f00 DB SUMMARY
2020/04/17-13:44:20.523590 7f02703f2f00 CURRENT file:  CURRENT
2020/04/17-13:44:20.523594 7f02703f2f00 IDENTITY file:  IDENTITY
2020/04/17-13:44:20.523601 7f02703f2f00 MANIFEST file:  MANIFEST-000021 size: 149 Bytes
2020/04/17-13:44:20.523607 7f02703f2f00 SST files in localhost 58 9999
 dir, Total Num: 2, files: 000018.sst 000020.sst 
2020/04/17-13:44:20.523610 7f02703f2f00 Write Ahead Log file in localhost 58 9999
: 000022.log size: 1094615 ; 
2020/04/17-13:44:20.523615 7f02703f2f00                         Options.error_if_exists: 0
2020/04/17-13:44:20.523617 7f02703f2f00                       Options.create_if_missing: 1
2020/04/17-13:44:20.523619 7f02703f2f00                         Options.paranoid_checks: 1
2020/04/17-13:44:20.523620 7f02703f2f00                                     Options.env: 0x7f0271da0a20
2020/04/17-13:44:20.523622 7f02703f2f00                                Options.info_log: 0x1dcb750
2020/04/17-13:44:20.523623 7f02703f2f00                Options.max_file_opening_threads: 16
2020/04/17-13:44:20.523625 7f02703f2f00                              Options.statistics: (nil)
2020/04/17-13:44:20.523627 7f02703f2f00                               Options.use_fsync: 0
2020/04/17-13:44:20.523628 7f02703f2f00                       Options.max_log_file_size: 0
2020/04/17-13:44:20.523630 7f02703f2f00                  Options.max_manifest_file_size: 1073741824
2020/04/17-13:44:20.523631 7f02703f2f00                   Options.log_file_time_to_roll: 0
2020/04/17-13:44:20.523633 7f02703f2f00                       Options.keep_log_file_num: 1000
2020/04/17-13:44:20.523634 7f02703f2f00                    Options.recycle_log_file_num: 0
2020/04/17-13:44:20.523635 7f02703f2f00                         Options.allow_fallocate: 1
2020/04/17-13:44:20.523637 7f02703f2f00                        Options.allow_mmap_reads: 0
2020/04/17-13:44:20.523638 7f02703f2f00                       Options.allow_mmap_writes: 0
2020/04/17-13:44:20.523640 7f02703f2f00                        Options.use_direct_reads: 0
2020/04/17-13:44:20.523641 7f02703f2f00                        Options.use_direct_io_for_flush_and_compaction: 0
2020/04/17-13:44:20.523643 7f02703f2f00          Options.create_missing_column_families: 0
2020/04/17-13:44:20.523644 7f02703f2f00                              Options.db_log_dir: 
2020/04/17-13:44:20.523645 7f02703f2f00                                 Options.wal_dir: localhost 58 9999
2020/04/17-13:44:20.523647 7f02703f2f00                Options.table_cache_numshardbits: 6
2020/04/17-13:44:20.523648 7f02703f2f00                      Options.max_subcompactions: 1
2020/04/17-13:44:20.523650 7f02703f2f00                  Options.max_background_flushes: -1
2020/04/17-13:44:20.523651 7f02703f2f00                         Options.WAL_ttl_seconds: 0
2020/04/17-13:44:20.523653 7f02703f2f00                       Options.WAL_size_limit_MB: 0
2020/04/17-13:44:20.523654 7f02703f2f00                        Options.max_write_batch_group_size_bytes: 1048576
2020/04/17-13:44:20.523656 7f02703f2f00             Options.manifest_preallocation_size: 4194304
2020/04/17-13:44:20.523657 7f02703f2f00                     Options.is_fd_close_on_exec: 1
2020/04/17-13:44:20.523659 7f02703f2f00                   Options.advise_random_on_open: 1
2020/04/17-13:44:20.523660 7f02703f2f00                    Options.db_write_buffer_size: 0
2020/04/17-13:44:20.523662 7f02703f2f00                    Options.write_buffer_manager: 0x1dc14d0
2020/04/17-13:44:20.523663 7f02703f2f00         Options.access_hint_on_compaction_start: 1
2020/04/17-13:44:20.523664 7f02703f2f00  Options.new_table_reader_for_compaction_inputs: 0
2020/04/17-13:44:20.523666 7f02703f2f00           Options.random_access_max_buffer_size: 1048576
2020/04/17-13:44:20.523667 7f02703f2f00                      Options.use_adaptive_mutex: 0
2020/04/17-13:44:20.523669 7f02703f2f00                            Options.rate_limiter: (nil)
2020/04/17-13:44:20.523688 7f02703f2f00     Options.sst_file_manager.rate_bytes_per_sec: 0
2020/04/17-13:44:20.523690 7f02703f2f00                       Options.wal_recovery_mode: 2
2020/04/17-13:44:20.523692 7f02703f2f00                  Options.enable_thread_tracking: 0
2020/04/17-13:44:20.523693 7f02703f2f00                  Options.enable_pipelined_write: 0
2020/04/17-13:44:20.523695 7f02703f2f00                  Options.unordered_write: 0
2020/04/17-13:44:20.523696 7f02703f2f00         Options.allow_concurrent_memtable_write: 1
2020/04/17-13:44:20.523697 7f02703f2f00      Options.enable_write_thread_adaptive_yield: 1
2020/04/17-13:44:20.523699 7f02703f2f00             Options.write_thread_max_yield_usec: 100
2020/04/17-13:44:20.523700 7f02703f2f00            Options.write_thread_slow_yield_usec: 3
2020/04/17-13:44:20.523702 7f02703f2f00                               Options.row_cache: None
2020/04/17-13:44:20.523703 7f02703f2f00                              Options.wal_filter: None
2020/04/17-13:44:20.523705 7f02703f2f00             Options.avoid_flush_during_recovery: 0
2020/04/17-13:44:20.523706 7f02703f2f00             Options.allow_ingest_behind: 0
2020/04/17-13:44:20.523707 7f02703f2f00             Options.preserve_deletes: 0
2020/04/17-13:44:20.523709 7f02703f2f00             Options.two_write_queues: 0
2020/04/17-13:44:20.523710 7f02703f2f00             Options.manual_wal_flush: 0
2020/04/17-13:44:20.523712 7f02703f2f00             Options.atomic_flush: 0
2020/04/17-13:44:20.523713 7f02703f2f00             Options.avoid_unnecessary_blocking_io: 0
2020/04/17-13:44:20.523714 7f02703f2f00                 Options.persist_stats_to_disk: 0
2020/04/17-13:44:20.523716 7f02703f2f00                 Options.write_dbid_to_manifest: 0
2020/04/17-13:44:20.523717 7f02703f2f00                 Options.log_readahead_size: 0
2020/04/17-13:44:20.523720 7f02703f2f00             Options.max_background_jobs: 2
2020/04/17-13:44:20.523721 7f02703f2f00             Options.max_background_compactions: -1
2020/04/17-13:44:20.523723 7f02703f2f00             Options.avoid_flush_during_shutdown: 0
2020/04/17-13:44:20.523724 7f02703f2f00           Options.writable_file_max_buffer_size: 1048576
2020/04/17-13:44:20.523725 7f02703f2f00             Options.delayed_write_rate : 16777216
2020/04/17-13:44:20.523727 7f02703f2f00             Options.max_total_wal_size: 0
2020/04/17-13:44:20.523728 7f02703f2f00             Options.delete_obsolete_files_period_micros: 21600000000
2020/04/17-13:44:20.523730 7f02703f2f00                   Options.stats_dump_period_sec: 600
2020/04/17-13:44:20.523731 7f02703f2f00                 Options.stats_persist_period_sec: 600
2020/04/17-13:44:20.523733 7f02703f2f00                 Options.stats_history_buffer_size: 1048576
2020/04/17-13:44:20.523734 7f02703f2f00                          Options.max_open_files: -1
2020/04/17-13:44:20.523736 7f02703f2f00                          Options.bytes_per_sync: 0
2020/04/17-13:44:20.523737 7f02703f2f00                      Options.wal_bytes_per_sync: 0
2020/04/17-13:44:20.523739 7f02703f2f00                   Options.strict_bytes_per_sync: 0
2020/04/17-13:44:20.523740 7f02703f2f00       Options.compaction_readahead_size: 0
2020/04/17-13:44:20.523741 7f02703f2f00 Compression algorithms supported:
2020/04/17-13:44:20.523754 7f02703f2f00 	kZSTDNotFinalCompression supported: 0
2020/04/17-13:44:20.523759 7f02703f2f00 	kZSTD supported: 0
2020/04/17-13:44:20.523762 7f02703f2f00 	kXpressCompression supported: 0
2020/04/17-13:44:20.523764 7f02703f2f00 	kLZ4HCCompression supported: 0
2020/04/17-13:44:20.523766 7f02703f2f00 	kLZ4Compression supported: 0
2020/04/17-13:44:20.523768 7f02703f2f00 	kBZip2Compression supported: 0
2020/04/17-13:44:20.523771 7f02703f2f00 	kZlibCompression supported: 0
2020/04/17-13:44:20.523772 7f02703f2f00 	kSnappyCompression supported: 0
2020/04/17-13:44:20.523780 7f02703f2f00 Fast CRC32 supported: Supported on x86
2020/04/17-13:44:20.524286 7f02703f2f00 [version_set.cc:4324] Recovering from manifest file: localhost 58 9999
/MANIFEST-000021
2020/04/17-13:44:20.524782 7f02703f2f00 [column_family.cc:487] --------------- Options for column family [default]:
2020/04/17-13:44:20.524790 7f02703f2f00               Options.comparator: leveldb.BytewiseComparator
2020/04/17-13:44:20.524792 7f02703f2f00           Options.merge_operator: None
2020/04/17-13:44:20.524794 7f02703f2f00        Options.compaction_filter: None
2020/04/17-13:44:20.524796 7f02703f2f00        Options.compaction_filter_factory: None
2020/04/17-13:44:20.524798 7f02703f2f00         Options.memtable_factory: SkipListFactory
2020/04/17-13:44:20.524800 7f02703f2f00            Options.table_factory: BlockBasedTable
2020/04/17-13:44:20.524853 7f02703f2f00            table_factory options:   flush_block_policy_factory: FlushBlockBySizePolicyFactory (0x1dd0a20)
  cache_index_and_filter_blocks: 0
  cache_index_and_filter_blocks_with_high_priority: 1
  pin_l0_filter_and_index_blocks_in_cache: 0
  pin_top_level_index_and_filter: 1
  index_type: 0
  data_block_index_type: 0
  index_shortening: 1
  data_block_hash_table_util_ratio: 0.750000
  hash_index_allow_collision: 1
  checksum: 1
  no_block_cache: 0
  block_cache: 0x1dba9d0
  block_cache_name: LRUCache
  block_cache_options:
    capacity : 3221225472
    num_shard_bits : 6
    strict_capacity_limit : 0
    memory_allocator : None
    high_pri_pool_ratio: 0.500
  block_cache_compressed: (nil)
  persistent_cache: (nil)
  block_size: 4096
  block_size_deviation: 10
  block_restart_interval: 16
  index_block_restart_interval: 1
  metadata_block_size: 4096
  partition_filters: 0
  use_delta_encoding: 1
  filter_policy: nullptr
  whole_key_filtering: 1
  verify_compression: 0
  read_amp_bytes_per_bit: 0
  format_version: 2
  enable_index_compression: 1
  block_align: 0
2020/04/17-13:44:20.524867 7f02703f2f00        Options.write_buffer_size: 67108864
2020/04/17-13:44:20.524868 7f02703f2f00  Options.max_write_buffer_number: 2
2020/04/17-13:44:20.524872 7f02703f2f00          Options.compression: NoCompression
2020/04/17-13:44:20.524874 7f02703f2f00                  Options.bottommost_compression: Disabled
2020/04/17-13:44:20.524876 7f02703f2f00       Options.prefix_extractor: nullptr
2020/04/17-13:44:20.524878 7f02703f2f00   Options.memtable_insert_with_hint_prefix_extractor: nullptr
2020/04/17-13:44:20.524879 7f02703f2f00             Options.num_levels: 7
2020/04/17-13:44:20.524881 7f02703f2f00        Options.min_write_buffer_number_to_merge: 1
2020/04/17-13:44:20.524882 7f02703f2f00     Options.max_write_buffer_number_to_maintain: 0
2020/04/17-13:44:20.524884 7f02703f2f00     Options.max_write_buffer_size_to_maintain: 0
2020/04/17-13:44:20.524885 7f02703f2f00            Options.bottommost_compression_opts.window_bits: -14
2020/04/17-13:44:20.524887 7f02703f2f00                  Options.bottommost_compression_opts.level: 32767
2020/04/17-13:44:20.524888 7f02703f2f00               Options.bottommost_compression_opts.strategy: 0
2020/04/17-13:44:20.524889 7f02703f2f00         Options.bottommost_compression_opts.max_dict_bytes: 0
2020/04/17-13:44:20.524891 7f02703f2f00         Options.bottommost_compression_opts.zstd_max_train_bytes: 0
2020/04/17-13:44:20.524892 7f02703f2f00                  Options.bottommost_compression_opts.enabled: false
2020/04/17-13:44:20.524894 7f02703f2f00            Options.compression_opts.window_bits: -14
2020/04/17-13:44:20.524895 7f02703f2f00                  Options.compression_opts.level: 32767
2020/04/17-13:44:20.524897 7f02703f2f00               Options.compression_opts.strategy: 0
2020/04/17-13:44:20.524898 7f02703f2f00         Options.compression_opts.max_dict_bytes: 0
2020/04/17-13:44:20.524900 7f02703f2f00         Options.compression_opts.zstd_max_train_bytes: 0
2020/04/17-13:44:20.524901 7f02703f2f00                  Options.compression_opts.enabled: false
2020/04/17-13:44:20.524902 7f02703f2f00      Options.level0_file_num_compaction_trigger: 4
2020/04/17-13:44:20.524904 7f02703f2f00          Options.level0_slowdown_writes_trigger: 20
2020/04/17-13:44:20.524905 7f02703f2f00              Options.level0_stop_writes_trigger: 36
2020/04/17-13:44:20.524919 7f02703f2f00                   Options.target_file_size_base: 67108864
2020/04/17-13:44:20.524921 7f02703f2f00             Options.target_file_size_multiplier: 1
2020/04/17-13:44:20.524922 7f02703f2f00                Options.max_bytes_for_level_base: 268435456
2020/04/17-13:44:20.524924 7f02703f2f00 Options.level_compaction_dynamic_level_bytes: 0
2020/04/17-13:44:20.524925 7f02703f2f00          Options.max_bytes_for_level_multiplier: 10.000000
2020/04/17-13:44:20.524930 7f02703f2f00 Options.max_bytes_for_level_multiplier_addtl[0]: 1
2020/04/17-13:44:20.524931 7f02703f2f00 Options.max_bytes_for_level_multiplier_addtl[1]: 1
2020/04/17-13:44:20.524933 7f02703f2f00 Options.max_bytes_for_level_multiplier_addtl[2]: 1
2020/04/17-13:44:20.524935 7f02703f2f00 Options.max_bytes_for_level_multiplier_addtl[3]: 1
2020/04/17-13:44:20.524936 7f02703f2f00 Options.max_bytes_for_level_multiplier_addtl[4]: 1
2020/04/17-13:44:20.524938 7f02703f2f00 Options.max_bytes_for_level_multiplier_addtl[5]: 1
2020/04/17-13:44:20.524939 7f02703f2f00 Options.max_bytes_for_level_multiplier_addtl[6]: 1
2020/04/17-13:44:20.524941 7f02703f2f00       Options.max_sequential_skip_in_iterations: 8
2020/04/17-13:44:20.524942 7f02703f2f00                    Options.max_compaction_bytes: 1677721600
2020/04/17-13:44:20.524943 7f02703f2f00                        Options.arena_block_size: 8388608
2020/04/17-13:44:20.524945 7f02703f2f00   Options.soft_pending_compaction_bytes_limit: 68719476736
2020/04/17-13:44:20.524946 7f02703f2f00   Options.hard_pending_compaction_bytes_limit: 274877906944
2020/04/17-13:44:20.524948 7f02703f2f00       Options.rate_limit_delay_max_milliseconds: 100
2020/04/17-13:44:20.524949 7f02703f2f00                Options.disable_auto_compactions: 0
2020/04/17-13:44:20.524963 7f02703f2f00                        Options.compaction_style: kCompactionStyleLevel
2020/04/17-13:44:20.524976 7f02703f2f00                          Options.compaction_pri: kMinOverlappingRatio
2020/04/17-13:44:20.524978 7f02703f2f00 Options.compaction_options_universal.size_ratio: 1
2020/04/17-13:44:20.524979 7f02703f2f00 Options.compaction_options_universal.min_merge_width: 2
2020/04/17-13:44:20.524981 7f02703f2f00 Options.compaction_options_universal.max_merge_width: 4294967295
2020/04/17-13:44:20.524982 7f02703f2f00 Options.compaction_options_universal.max_size_amplification_percent: 200
2020/04/17-13:44:20.524984 7f02703f2f00 Options.compaction_options_universal.compression_size_percent: -1
2020/04/17-13:44:20.524997 7f02703f2f00 Options.compaction_options_universal.stop_style: kCompactionStopStyleTotalSize
2020/04/17-13:44:20.524999 7f02703f2f00 Options.compaction_options_fifo.max_table_files_size: 1073741824
2020/04/17-13:44:20.525000 7f02703f2f00 Options.compaction_options_fifo.allow_compaction: 0
2020/04/17-13:44:20.525002 7f02703f2f00                   Options.table_properties_collectors: 
2020/04/17-13:44:20.525004 7f02703f2f00                   Options.inplace_update_support: 0
2020/04/17-13:44:20.525005 7f02703f2f00                 Options.inplace_update_num_locks: 10000
2020/04/17-13:44:20.525007 7f02703f2f00               Options.memtable_prefix_bloom_size_ratio: 0.000000
2020/04/17-13:44:20.525009 7f02703f2f00               Options.memtable_whole_key_filtering: 0
2020/04/17-13:44:20.525011 7f02703f2f00   Options.memtable_huge_page_size: 0
2020/04/17-13:44:20.525012 7f02703f2f00                           Options.bloom_locality: 0
2020/04/17-13:44:20.525013 7f02703f2f00                    Options.max_successive_merges: 0
2020/04/17-13:44:20.525015 7f02703f2f00                Options.optimize_filters_for_hits: 0
2020/04/17-13:44:20.525016 7f02703f2f00                Options.paranoid_file_checks: 0
2020/04/17-13:44:20.525018 7f02703f2f00                Options.force_consistency_checks: 0
2020/04/17-13:44:20.525019 7f02703f2f00                Options.report_bg_io_stats: 0
2020/04/17-13:44:20.525021 7f02703f2f00                               Options.ttl: 0
2020/04/17-13:44:20.525022 7f02703f2f00          Options.periodic_compaction_seconds: 0
2020/04/17-13:44:20.529481 7f02703f2f00 [version_set.cc:4465] Recovered from manifest file:localhost 58 9999
/MANIFEST-000021 succeeded,manifest_file_number is 21, next_file_number is 23, last_sequence is 140453, log_number is 16,prev_log_number is 0,max_column_family is 0,min_log_number_to_keep is 0
2020/04/17-13:44:20.529501 7f02703f2f00 [version_set.cc:4481] Column family [default] (ID 0), log number is 16
2020/04/17-13:44:20.530296 7f02703f2f00 EVENT_LOG_v1 {"time_micros": 1587102260530260, "job": 1, "event": "recovery_started", "log_files": [22]}
2020/04/17-13:44:20.530313 7f02703f2f00 [db_impl/db_impl_open.cc:733] Recovering log #22 mode 2
2020/04/17-13:44:20.829314 7f02703f2f00 [DEBUG] [db_impl/db_impl_open.cc:1150] [default] [WriteLevel0TableForRecovery] Level-0 table #23: started
2020/04/17-13:44:20.890203 7f02703f2f00 EVENT_LOG_v1 {"time_micros": 1587102260890178, "cf_name": "default", "job": 1, "event": "table_file_creation", "file_number": 23, "file_size": 693596, "table_properties": {"data_size": 688965, "index_size": 3891, "index_partitions": 0, "top_level_index_size": 0, "index_key_is_user_key": 0, "index_value_is_delta_encoded": 0, "filter_size": 0, "raw_key_size": 515024, "raw_average_key_size": 16, "raw_value_size": 128756, "raw_average_value_size": 4, "num_data_blocks": 169, "num_entries": 32189, "num_deletions": 0, "num_merge_operands": 0, "num_range_deletions": 0, "format_version": 0, "fixed_key_len": 0, "filter_policy": "", "column_family_name": "default", "column_family_id": 0, "comparator": "leveldb.BytewiseComparator", "merge_operator": "nullptr", "prefix_extractor_name": "nullptr", "property_collectors": "[]", "compression": "NoCompression", "compression_options": "window_bits=-14; level=32767; strategy=0; max_dict_bytes=0; zstd_max_train_bytes=0; enabled=0; ", "creation_time": 1587102260, "oldest_key_time": 3, "file_creation_time": 0}}
2020/04/17-13:44:20.890256 7f02703f2f00 [DEBUG] [db_impl/db_impl_open.cc:1196] [default] [WriteLevel0TableForRecovery] Level-0 table #23: 693596 bytes OK
2020/04/17-13:44:20.890698 7f02703f2f00 [version_set.cc:3739] Creating manifest 24
2020/04/17-13:44:20.892756 7f02703f2f00 EVENT_LOG_v1 {"time_micros": 1587102260892751, "job": 1, "event": "recovery_finished"}
2020/04/17-13:44:20.893522 7f02703f2f00 [DEBUG] [db_impl/db_impl_files.cc:270] [JOB 2] Delete localhost 58 9999
/MANIFEST-000021 type=3 #21 -- OK
2020/04/17-13:44:20.893721 7f02703f2f00 [DEBUG] [db_impl/db_impl_files.cc:270] [JOB 2] Delete localhost 58 9999
/000022.log type=0 #22 -- OK
2020/04/17-13:44:20.897026 7f02703f2f00 DB pointer 0x1de3210
2020/04/17-13:44:20.897670 7f023dffb700 [db_impl/db_impl.cc:857] ------- DUMPING STATS -------
2020/04/17-13:44:20.897694 7f023dffb700 [db_impl/db_impl.cc:859] 
** DB Stats **
Uptime(secs): 0.4 total, 0.4 interval
Cumulative writes: 0 writes, 0 keys, 0 commit groups, 0.0 writes per commit group, ingest: 0.00 GB, 0.00 MB/s
Cumulative WAL: 0 writes, 0 syncs, 0.00 writes per sync, written: 0.00 GB, 0.00 MB/s
Cumulative stall: 00:00:0.000 H:M:S, 0.0 percent
Interval writes: 0 writes, 0 keys, 0 commit groups, 0.0 writes per commit group, ingest: 0.00 MB, 0.00 MB/s
Interval WAL: 0 writes, 0 syncs, 0.00 writes per sync, written: 0.00 MB, 0.00 MB/s
Interval stall: 00:00:0.000 H:M:S, 0.0 percent

** Compaction Stats [default] **
Level    Files   Size     Score Read(GB)  Rn(GB) Rnp1(GB) Write(GB) Wnew(GB) Moved(GB) W-Amp Rd(MB/s) Wr(MB/s) Comp(sec) CompMergeCPU(sec) Comp(cnt) Avg(sec) KeyIn KeyDrop
----------------------------------------------------------------------------------------------------------------------------------------------------------------------------
  L0      2/0    1.39 MB   0.5      0.0     0.0      0.0       0.0      0.0       0.0   1.0      0.0     10.8      0.06              0.00         1    0.061       0      0
  L1      1/0   750.81 KB   0.0      0.0     0.0      0.0       0.0      0.0       0.0   0.0      0.0      0.0      0.00              0.00         0    0.000       0      0
 Sum      3/0    2.13 MB   0.0      0.0     0.0      0.0       0.0      0.0       0.0   1.0      0.0     10.8      0.06              0.00         1    0.061       0      0
 Int      0/0    0.00 KB   0.0      0.0     0.0      0.0       0.0      0.0       0.0   1.0      0.0     10.8      0.06              0.00         1    0.061       0      0

** Compaction Stats [default] **
Priority    Files   Size     Score Read(GB)  Rn(GB) Rnp1(GB) Write(GB) Wnew(GB) Moved(GB) W-Amp Rd(MB/s) Wr(MB/s) Comp(sec) CompMergeCPU(sec) Comp(cnt) Avg(sec) KeyIn KeyDrop
-------------------------------------------------------------------------------------------------------------------------------------------------------------------------------
User      0/0    0.00 KB   0.0      0.0     0.0      0.0       0.0      0.0       0.0   0.0      0.0     10.8      0.06              0.00         1    0.061       0      0
Uptime(secs): 0.4 total, 0.4 interval
Flush(GB): cumulative 0.001, interval 0.001
AddFile(GB): cumulative 0.000, interval 0.000
AddFile(Total Files): cumulative 0, interval 0
AddFile(L0 Files): cumulative 0, interval 0
AddFile(Keys): cumulative 0, interval 0
Cumulative compaction: 0.00 GB write, 1.77 MB/s write, 0.00 GB read, 0.00 MB/s read, 0.1 seconds
Interval compaction: 0.00 GB write, 1.77 MB/s write, 0.00 GB read, 0.00 MB/s read, 0.1 seconds
Stalls(count): 0 level0_slowdown, 0 level0_slowdown_with_compaction, 0 level0_numfiles, 0 level0_numfiles_with_compaction, 0 stop for pending_compaction_bytes, 0 slowdown for pending_compaction_bytes, 0 memtable_compaction, 0 memtable_slowdown, interval 0 total count

** File Read Latency Histogram By Level [default] **

** Compaction Stats [default] **
Level    Files   Size     Score Read(GB)  Rn(GB) Rnp1(GB) Write(GB) Wnew(GB) Moved(GB) W-Amp Rd(MB/s) Wr(MB/s) Comp(sec) CompMergeCPU(sec) Comp(cnt) Avg(sec) KeyIn KeyDrop
----------------------------------------------------------------------------------------------------------------------------------------------------------------------------
  L0      2/0    1.39 MB   0.5      0.0     0.0      0.0       0.0      0.0       0.0   1.0      0.0     10.8      0.06              0.00         1    0.061       0      0
  L1      1/0   750.81 KB   0.0      0.0     0.0      0.0       0.0      0.0       0.0   0.0      0.0      0.0      0.00              0.00         0    0.000       0      0
 Sum      3/0    2.13 MB   0.0      0.0     0.0      0.0       0.0      0.0       0.0   1.0      0.0     10.8      0.06              0.00         1    0.061       0      0
 Int      0/0    0.00 KB   0.0      0.0     0.0      0.0       0.0      0.0       0.0   0.0      0.0      